   0.0000000e+00
   2.5000000e-02
   5.0000000e-02
   7.5000000e-02
   1.0000000e-01
   1.2500000e-01
   1.5000000e-01
   1.7500000e-01
   2.0000000e-01
   2.2500000e-01
   2.5000000e-01
   2.7500000e-01
   3.0000000e-01
   3.2500000e-01
   3.5000000e-01
   3.7500000e-01
   4.0000000e-01
   4.2500000e-01
   4.5000000e-01
   4.7500000e-01
   5.0000000e-01
   5.2500000e-01
   5.5000000e-01
   5.7500000e-01
   6.0000000e-01
   6.2500000e-01
   6.5000000e-01
   6.7500000e-01
   7.0000000e-01
   7.2500000e-01
   7.5000000e-01
   7.7500000e-01
   8.0000000e-01
   8.2500000e-01
   8.5000000e-01
   8.7500000e-01
   9.0000000e-01
   9.2500000e-01
   9.5000000e-01
   9.7500000e-01
   1.0000000e+00
   1.0250000e+00
   1.0500000e+00
   1.0750000e+00
   1.1000000e+00
   1.1250000e+00
   1.1500000e+00
   1.1750000e+00
   1.2000000e+00
   1.2250000e+00
   1.2500000e+00
   1.2750000e+00
   1.3000000e+00
   1.3250000e+00
   1.3500000e+00
   1.3750000e+00
   1.4000000e+00
   1.4250000e+00
   1.4500000e+00
   1.4750000e+00
   1.5000000e+00
   1.5250000e+00
   1.5500000e+00
   1.5750000e+00
   1.6000000e+00
   1.6250000e+00
   1.6500000e+00
   1.6750000e+00
   1.7000000e+00
   1.7250000e+00
   1.7500000e+00
   1.7750000e+00
   1.8000000e+00
   1.8250000e+00
   1.8500000e+00
   1.8750000e+00
   1.9000000e+00
   1.9250000e+00
   1.9500000e+00
   1.9750000e+00
   2.0000000e+00
   2.0250000e+00
   2.0500000e+00
   2.0750000e+00
   2.1000000e+00
   2.1250000e+00
   2.1500000e+00
   2.1750000e+00
   2.2000000e+00
   2.2250000e+00
   2.2500000e+00
   2.2750000e+00
   2.3000000e+00
   2.3250000e+00
   2.3500000e+00
   2.3750000e+00
   2.4000000e+00
   2.4250000e+00
   2.4500000e+00
   2.4750000e+00
   2.5000000e+00
   2.5250000e+00
   2.5500000e+00
   2.5750000e+00
   2.6000000e+00
   2.6250000e+00
   2.6500000e+00
   2.6750000e+00
   2.7000000e+00
   2.7250000e+00
   2.7500000e+00
   2.7750000e+00
   2.8000000e+00
   2.8250000e+00
   2.8500000e+00
   2.8750000e+00
   2.9000000e+00
   2.9250000e+00
   2.9500000e+00
   2.9750000e+00
   3.0000000e+00
   3.0250000e+00
   3.0500000e+00
   3.0750000e+00
   3.1000000e+00
   3.1250000e+00
   3.1500000e+00
   3.1750000e+00
   3.2000000e+00
   3.2250000e+00
   3.2500000e+00
   3.2750000e+00
   3.3000000e+00
   3.3250000e+00
   3.3500000e+00
   3.3750000e+00
   3.4000000e+00
   3.4250000e+00
   3.4500000e+00
   3.4750000e+00
   3.5000000e+00
   3.5250000e+00
   3.5500000e+00
   3.5750000e+00
   3.6000000e+00
   3.6250000e+00
   3.6500000e+00
   3.6750000e+00
   3.7000000e+00
   3.7250000e+00
   3.7500000e+00
   3.7750000e+00
   3.8000000e+00
   3.8250000e+00
   3.8500000e+00
   3.8750000e+00
   3.9000000e+00
   3.9250000e+00
   3.9500000e+00
   3.9750000e+00
   4.0000000e+00
   4.0250000e+00
   4.0500000e+00
   4.0750000e+00
   4.1000000e+00
   4.1250000e+00
   4.1500000e+00
   4.1750000e+00
   4.2000000e+00
   4.2250000e+00
   4.2500000e+00
   4.2750000e+00
   4.3000000e+00
   4.3250000e+00
   4.3500000e+00
   4.3750000e+00
   4.4000000e+00
   4.4250000e+00
   4.4500000e+00
   4.4750000e+00
   4.5000000e+00
   4.5250000e+00
   4.5500000e+00
   4.5750000e+00
   4.6000000e+00
   4.6250000e+00
   4.6500000e+00
   4.6750000e+00
   4.7000000e+00
   4.7250000e+00
   4.7500000e+00
   4.7750000e+00
   4.8000000e+00
   4.8250000e+00
   4.8500000e+00
   4.8750000e+00
   4.9000000e+00
   4.9250000e+00
   4.9500000e+00
   4.9750000e+00
   5.0000000e+00
   5.0250000e+00
   5.0500000e+00
   5.0750000e+00
   5.1000000e+00
   5.1250000e+00
   5.1500000e+00
   5.1750000e+00
   5.2000000e+00
   5.2250000e+00
   5.2500000e+00
   5.2750000e+00
   5.3000000e+00
   5.3250000e+00
   5.3500000e+00
   5.3750000e+00
   5.4000000e+00
   5.4250000e+00
   5.4500000e+00
   5.4750000e+00
   5.5000000e+00
   5.5250000e+00
   5.5500000e+00
   5.5750000e+00
   5.6000000e+00
   5.6250000e+00
   5.6500000e+00
   5.6750000e+00
   5.7000000e+00
   5.7250000e+00
   5.7500000e+00
   5.7750000e+00
   5.8000000e+00
   5.8250000e+00
   5.8500000e+00
   5.8750000e+00
   5.9000000e+00
   5.9250000e+00
   5.9500000e+00
   5.9750000e+00
   6.0000000e+00
   6.0250000e+00
   6.0500000e+00
   6.0750000e+00
   6.1000000e+00
   6.1250000e+00
   6.1500000e+00
   6.1750000e+00
   6.2000000e+00
   6.2250000e+00
   6.2500000e+00
   6.2750000e+00
   6.3000000e+00
   6.3250000e+00
   6.3500000e+00
   6.3750000e+00
   6.4000000e+00
   6.4250000e+00
   6.4500000e+00
   6.4750000e+00
   6.5000000e+00
   6.5250000e+00
   6.5500000e+00
   6.5750000e+00
   6.6000000e+00
   6.6250000e+00
   6.6500000e+00
   6.6750000e+00
   6.7000000e+00
   6.7250000e+00
   6.7500000e+00
   6.7750000e+00
   6.8000000e+00
   6.8250000e+00
   6.8500000e+00
   6.8750000e+00
   6.9000000e+00
   6.9250000e+00
   6.9500000e+00
   6.9750000e+00
   7.0000000e+00
   7.0250000e+00
   7.0500000e+00
   7.0750000e+00
   7.1000000e+00
   7.1250000e+00
   7.1500000e+00
   7.1750000e+00
   7.2000000e+00
   7.2250000e+00
   7.2500000e+00
   7.2750000e+00
   7.3000000e+00
   7.3250000e+00
   7.3500000e+00
   7.3750000e+00
   7.4000000e+00
   7.4250000e+00
   7.4500000e+00
   7.4750000e+00
   7.5000000e+00
   7.5250000e+00
   7.5500000e+00
   7.5750000e+00
   7.6000000e+00
   7.6250000e+00
   7.6500000e+00
   7.6750000e+00
   7.7000000e+00
   7.7250000e+00
   7.7500000e+00
   7.7750000e+00
   7.8000000e+00
   7.8250000e+00
   7.8500000e+00
   7.8750000e+00
   7.9000000e+00
   7.9250000e+00
   7.9500000e+00
   7.9750000e+00
   8.0000000e+00
   8.0250000e+00
   8.0500000e+00
   8.0750000e+00
   8.1000000e+00
   8.1250000e+00
   8.1500000e+00
   8.1750000e+00
   8.2000000e+00
   8.2250000e+00
   8.2500000e+00
   8.2750000e+00
   8.3000000e+00
   8.3250000e+00
   8.3500000e+00
   8.3750000e+00
   8.4000000e+00
   8.4250000e+00
   8.4500000e+00
   8.4750000e+00
   8.5000000e+00
   8.5250000e+00
   8.5500000e+00
   8.5750000e+00
   8.6000000e+00
   8.6250000e+00
   8.6500000e+00
   8.6750000e+00
   8.7000000e+00
   8.7250000e+00
   8.7500000e+00
   8.7750000e+00
   8.8000000e+00
   8.8250000e+00
   8.8500000e+00
   8.8750000e+00
   8.9000000e+00
   8.9250000e+00
   8.9500000e+00
   8.9750000e+00
   9.0000000e+00
   9.0250000e+00
   9.0500000e+00
   9.0750000e+00
   9.1000000e+00
   9.1250000e+00
   9.1500000e+00
   9.1750000e+00
   9.2000000e+00
   9.2250000e+00
   9.2500000e+00
   9.2750000e+00
   9.3000000e+00
   9.3250000e+00
   9.3500000e+00
   9.3750000e+00
   9.4000000e+00
   9.4250000e+00
   9.4500000e+00
   9.4750000e+00
   9.5000000e+00
   9.5250000e+00
   9.5500000e+00
   9.5750000e+00
   9.6000000e+00
   9.6250000e+00
   9.6500000e+00
   9.6750000e+00
   9.7000000e+00
   9.7250000e+00
   9.7500000e+00
   9.7750000e+00
   9.8000000e+00
   9.8250000e+00
   9.8500000e+00
   9.8750000e+00
   9.9000000e+00
   9.9250000e+00
   9.9500000e+00
   9.9750000e+00
   1.0000000e+01
   1.0025000e+01
   1.0050000e+01
   1.0075000e+01
   1.0100000e+01
   1.0125000e+01
   1.0150000e+01
   1.0175000e+01
   1.0200000e+01
   1.0225000e+01
   1.0250000e+01
   1.0275000e+01
   1.0300000e+01
   1.0325000e+01
   1.0350000e+01
   1.0375000e+01
   1.0400000e+01
   1.0425000e+01
   1.0450000e+01
   1.0475000e+01
   1.0500000e+01
   1.0525000e+01
   1.0550000e+01
   1.0575000e+01
   1.0600000e+01
   1.0625000e+01
   1.0650000e+01
   1.0675000e+01
   1.0700000e+01
   1.0725000e+01
   1.0750000e+01
   1.0775000e+01
   1.0800000e+01
   1.0825000e+01
   1.0850000e+01
   1.0875000e+01
   1.0900000e+01
   1.0925000e+01
   1.0950000e+01
   1.0975000e+01
   1.1000000e+01
   1.1025000e+01
   1.1050000e+01
   1.1075000e+01
   1.1100000e+01
   1.1125000e+01
   1.1150000e+01
   1.1175000e+01
   1.1200000e+01
   1.1225000e+01
   1.1250000e+01
   1.1275000e+01
   1.1300000e+01
   1.1325000e+01
   1.1350000e+01
   1.1375000e+01
   1.1400000e+01
   1.1425000e+01
   1.1450000e+01
   1.1475000e+01
   1.1500000e+01
   1.1525000e+01
   1.1550000e+01
   1.1575000e+01
   1.1600000e+01
   1.1625000e+01
   1.1650000e+01
   1.1675000e+01
   1.1700000e+01
   1.1725000e+01
   1.1750000e+01
   1.1775000e+01
   1.1800000e+01
   1.1825000e+01
   1.1850000e+01
   1.1875000e+01
   1.1900000e+01
   1.1925000e+01
   1.1950000e+01
   1.1975000e+01
   1.2000000e+01
   1.2025000e+01
   1.2050000e+01
   1.2075000e+01
   1.2100000e+01
   1.2125000e+01
   1.2150000e+01
   1.2175000e+01
   1.2200000e+01
   1.2225000e+01
   1.2250000e+01
   1.2275000e+01
   1.2300000e+01
   1.2325000e+01
   1.2350000e+01
   1.2375000e+01
   1.2400000e+01
   1.2425000e+01
   1.2450000e+01
   1.2475000e+01
   1.2500000e+01
   1.2525000e+01
   1.2550000e+01
   1.2575000e+01
   1.2600000e+01
   1.2625000e+01
   1.2650000e+01
   1.2675000e+01
   1.2700000e+01
   1.2725000e+01
   1.2750000e+01
   1.2775000e+01
   1.2800000e+01
   1.2825000e+01
   1.2850000e+01
   1.2875000e+01
   1.2900000e+01
   1.2925000e+01
   1.2950000e+01
   1.2975000e+01
   1.3000000e+01
   1.3025000e+01
   1.3050000e+01
   1.3075000e+01
   1.3100000e+01
   1.3125000e+01
   1.3150000e+01
   1.3175000e+01
   1.3200000e+01
   1.3225000e+01
   1.3250000e+01
   1.3275000e+01
   1.3300000e+01
   1.3325000e+01
   1.3350000e+01
   1.3375000e+01
   1.3400000e+01
   1.3425000e+01
   1.3450000e+01
   1.3475000e+01
   1.3500000e+01
   1.3525000e+01
   1.3550000e+01
   1.3575000e+01
   1.3600000e+01
   1.3625000e+01
   1.3650000e+01
   1.3675000e+01
   1.3700000e+01
   1.3725000e+01
   1.3750000e+01
   1.3775000e+01
   1.3800000e+01
   1.3825000e+01
   1.3850000e+01
   1.3875000e+01
   1.3900000e+01
   1.3925000e+01
   1.3950000e+01
   1.3975000e+01
   1.4000000e+01
   1.4025000e+01
   1.4050000e+01
   1.4075000e+01
   1.4100000e+01
   1.4125000e+01
   1.4150000e+01
   1.4175000e+01
   1.4200000e+01
   1.4225000e+01
   1.4250000e+01
   1.4275000e+01
   1.4300000e+01
   1.4325000e+01
   1.4350000e+01
   1.4375000e+01
   1.4400000e+01
   1.4425000e+01
   1.4450000e+01
   1.4475000e+01
   1.4500000e+01
   1.4525000e+01
   1.4550000e+01
   1.4575000e+01
   1.4600000e+01
   1.4625000e+01
   1.4650000e+01
   1.4675000e+01
   1.4700000e+01
   1.4725000e+01
   1.4750000e+01
   1.4775000e+01
   1.4800000e+01
   1.4825000e+01
   1.4850000e+01
   1.4875000e+01
   1.4900000e+01
   1.4925000e+01
   1.4950000e+01
   1.4975000e+01
   1.5000000e+01
   1.5025000e+01
   1.5050000e+01
   1.5075000e+01
   1.5100000e+01
   1.5125000e+01
   1.5150000e+01
   1.5175000e+01
   1.5200000e+01
   1.5225000e+01
   1.5250000e+01
   1.5275000e+01
   1.5300000e+01
   1.5325000e+01
   1.5350000e+01
   1.5375000e+01
   1.5400000e+01
   1.5425000e+01
   1.5450000e+01
   1.5475000e+01
   1.5500000e+01
   1.5525000e+01
   1.5550000e+01
   1.5575000e+01
   1.5600000e+01
   1.5625000e+01
   1.5650000e+01
   1.5675000e+01
   1.5700000e+01
   1.5725000e+01
   1.5750000e+01
   1.5775000e+01
   1.5800000e+01
   1.5825000e+01
   1.5850000e+01
   1.5875000e+01
   1.5900000e+01
   1.5925000e+01
   1.5950000e+01
   1.5975000e+01
   1.6000000e+01
   1.6025000e+01
   1.6050000e+01
   1.6075000e+01
   1.6100000e+01
   1.6125000e+01
   1.6150000e+01
   1.6175000e+01
   1.6200000e+01
   1.6225000e+01
   1.6250000e+01
   1.6275000e+01
   1.6300000e+01
   1.6325000e+01
   1.6350000e+01
   1.6375000e+01
   1.6400000e+01
   1.6425000e+01
   1.6450000e+01
   1.6475000e+01
   1.6500000e+01
   1.6525000e+01
   1.6550000e+01
   1.6575000e+01
   1.6600000e+01
   1.6625000e+01
   1.6650000e+01
   1.6675000e+01
   1.6700000e+01
   1.6725000e+01
   1.6750000e+01
   1.6775000e+01
   1.6800000e+01
   1.6825000e+01
   1.6850000e+01
   1.6875000e+01
   1.6900000e+01
   1.6925000e+01
   1.6950000e+01
   1.6975000e+01
   1.7000000e+01
   1.7025000e+01
   1.7050000e+01
   1.7075000e+01
   1.7100000e+01
   1.7125000e+01
   1.7150000e+01
   1.7175000e+01
   1.7200000e+01
   1.7225000e+01
   1.7250000e+01
   1.7275000e+01
   1.7300000e+01
   1.7325000e+01
   1.7350000e+01
   1.7375000e+01
   1.7400000e+01
   1.7425000e+01
   1.7450000e+01
   1.7475000e+01
   1.7500000e+01
   1.7525000e+01
   1.7550000e+01
   1.7575000e+01
   1.7600000e+01
   1.7625000e+01
   1.7650000e+01
   1.7675000e+01
   1.7700000e+01
   1.7725000e+01
   1.7750000e+01
   1.7775000e+01
   1.7800000e+01
   1.7825000e+01
   1.7850000e+01
   1.7875000e+01
   1.7900000e+01
   1.7925000e+01
   1.7950000e+01
   1.7975000e+01
   1.8000000e+01
   1.8025000e+01
   1.8050000e+01
   1.8075000e+01
   1.8100000e+01
   1.8125000e+01
   1.8150000e+01
   1.8175000e+01
   1.8200000e+01
   1.8225000e+01
   1.8250000e+01
   1.8275000e+01
   1.8300000e+01
   1.8325000e+01
   1.8350000e+01
   1.8375000e+01
   1.8400000e+01
   1.8425000e+01
   1.8450000e+01
   1.8475000e+01
   1.8500000e+01
   1.8525000e+01
   1.8550000e+01
   1.8575000e+01
   1.8600000e+01
   1.8625000e+01
   1.8650000e+01
   1.8675000e+01
   1.8700000e+01
   1.8725000e+01
   1.8750000e+01
   1.8775000e+01
   1.8800000e+01
   1.8825000e+01
   1.8850000e+01
   1.8875000e+01
   1.8900000e+01
   1.8925000e+01
   1.8950000e+01
   1.8975000e+01
   1.9000000e+01
   1.9025000e+01
   1.9050000e+01
   1.9075000e+01
   1.9100000e+01
   1.9125000e+01
   1.9150000e+01
   1.9175000e+01
   1.9200000e+01
   1.9225000e+01
   1.9250000e+01
   1.9275000e+01
   1.9300000e+01
   1.9325000e+01
   1.9350000e+01
   1.9375000e+01
   1.9400000e+01
   1.9425000e+01
   1.9450000e+01
   1.9475000e+01
   1.9500000e+01
   1.9525000e+01
   1.9550000e+01
   1.9575000e+01
   1.9600000e+01
   1.9625000e+01
   1.9650000e+01
   1.9675000e+01
   1.9700000e+01
   1.9725000e+01
   1.9750000e+01
   1.9775000e+01
   1.9800000e+01
   1.9825000e+01
   1.9850000e+01
   1.9875000e+01
   1.9900000e+01
   1.9925000e+01
   1.9950000e+01
   1.9975000e+01
   2.0000000e+01
   2.0025000e+01
   2.0050000e+01
   2.0075000e+01
   2.0100000e+01
   2.0125000e+01
   2.0150000e+01
   2.0175000e+01
   2.0200000e+01
   2.0225000e+01
   2.0250000e+01
   2.0275000e+01
   2.0300000e+01
   2.0325000e+01
   2.0350000e+01
   2.0375000e+01
   2.0400000e+01
   2.0425000e+01
   2.0450000e+01
   2.0475000e+01
   2.0500000e+01
   2.0525000e+01
   2.0550000e+01
   2.0575000e+01
   2.0600000e+01
   2.0625000e+01
   2.0650000e+01
   2.0675000e+01
   2.0700000e+01
   2.0725000e+01
   2.0750000e+01
   2.0775000e+01
   2.0800000e+01
   2.0825000e+01
   2.0850000e+01
   2.0875000e+01
   2.0900000e+01
   2.0925000e+01
   2.0950000e+01
   2.0975000e+01
   2.1000000e+01
   2.1025000e+01
   2.1050000e+01
   2.1075000e+01
   2.1100000e+01
   2.1125000e+01
   2.1150000e+01
   2.1175000e+01
   2.1200000e+01
   2.1225000e+01
   2.1250000e+01
   2.1275000e+01
   2.1300000e+01
   2.1325000e+01
   2.1350000e+01
   2.1375000e+01
   2.1400000e+01
   2.1425000e+01
   2.1450000e+01
   2.1475000e+01
   2.1500000e+01
   2.1525000e+01
   2.1550000e+01
   2.1575000e+01
   2.1600000e+01
   2.1625000e+01
   2.1650000e+01
   2.1675000e+01
   2.1700000e+01
   2.1725000e+01
   2.1750000e+01
   2.1775000e+01
   2.1800000e+01
   2.1825000e+01
   2.1850000e+01
   2.1875000e+01
   2.1900000e+01
   2.1925000e+01
   2.1950000e+01
   2.1975000e+01
   2.2000000e+01
   2.2025000e+01
   2.2050000e+01
   2.2075000e+01
   2.2100000e+01
   2.2125000e+01
   2.2150000e+01
   2.2175000e+01
   2.2200000e+01
   2.2225000e+01
   2.2250000e+01
   2.2275000e+01
   2.2300000e+01
   2.2325000e+01
   2.2350000e+01
   2.2375000e+01
   2.2400000e+01
   2.2425000e+01
   2.2450000e+01
   2.2475000e+01
   2.2500000e+01
   2.2525000e+01
   2.2550000e+01
   2.2575000e+01
   2.2600000e+01
   2.2625000e+01
   2.2650000e+01
   2.2675000e+01
   2.2700000e+01
   2.2725000e+01
   2.2750000e+01
   2.2775000e+01
   2.2800000e+01
   2.2825000e+01
   2.2850000e+01
   2.2875000e+01
   2.2900000e+01
   2.2925000e+01
   2.2950000e+01
   2.2975000e+01
   2.3000000e+01
   2.3025000e+01
   2.3050000e+01
   2.3075000e+01
   2.3100000e+01
   2.3125000e+01
   2.3150000e+01
   2.3175000e+01
   2.3200000e+01
   2.3225000e+01
   2.3250000e+01
   2.3275000e+01
   2.3300000e+01
   2.3325000e+01
   2.3350000e+01
   2.3375000e+01
   2.3400000e+01
   2.3425000e+01
   2.3450000e+01
   2.3475000e+01
   2.3500000e+01
   2.3525000e+01
   2.3550000e+01
   2.3575000e+01
   2.3600000e+01
   2.3625000e+01
   2.3650000e+01
   2.3675000e+01
   2.3700000e+01
   2.3725000e+01
   2.3750000e+01
   2.3775000e+01
   2.3800000e+01
   2.3825000e+01
   2.3850000e+01
   2.3875000e+01
   2.3900000e+01
   2.3925000e+01
   2.3950000e+01
   2.3975000e+01
   2.4000000e+01
   2.4025000e+01
   2.4050000e+01
   2.4075000e+01
   2.4100000e+01
   2.4125000e+01
   2.4150000e+01
   2.4175000e+01
   2.4200000e+01
   2.4225000e+01
   2.4250000e+01
   2.4275000e+01
   2.4300000e+01
   2.4325000e+01
   2.4350000e+01
   2.4375000e+01
   2.4400000e+01
   2.4425000e+01
   2.4450000e+01
   2.4475000e+01
   2.4500000e+01
   2.4525000e+01
   2.4550000e+01
   2.4575000e+01
   2.4600000e+01
   2.4625000e+01
   2.4650000e+01
   2.4675000e+01
   2.4700000e+01
   2.4725000e+01
   2.4750000e+01
   2.4775000e+01
   2.4800000e+01
   2.4825000e+01
   2.4850000e+01
   2.4875000e+01
   2.4900000e+01
   2.4925000e+01
   2.4950000e+01
   2.4975000e+01
   2.5000000e+01
   2.5025000e+01
   2.5050000e+01
   2.5075000e+01
   2.5100000e+01
   2.5125000e+01
   2.5150000e+01
   2.5175000e+01
   2.5200000e+01
   2.5225000e+01
   2.5250000e+01
   2.5275000e+01
   2.5300000e+01
   2.5325000e+01
   2.5350000e+01
   2.5375000e+01
   2.5400000e+01
   2.5425000e+01
   2.5450000e+01
   2.5475000e+01
   2.5500000e+01
   2.5525000e+01
   2.5550000e+01
   2.5575000e+01
   2.5600000e+01
   2.5625000e+01
   2.5650000e+01
   2.5675000e+01
   2.5700000e+01
   2.5725000e+01
   2.5750000e+01
   2.5775000e+01
   2.5800000e+01
   2.5825000e+01
   2.5850000e+01
   2.5875000e+01
   2.5900000e+01
   2.5925000e+01
   2.5950000e+01
   2.5975000e+01
   2.6000000e+01
   2.6025000e+01
   2.6050000e+01
   2.6075000e+01
   2.6100000e+01
   2.6125000e+01
   2.6150000e+01
   2.6175000e+01
   2.6200000e+01
   2.6225000e+01
   2.6250000e+01
   2.6275000e+01
   2.6300000e+01
   2.6325000e+01
   2.6350000e+01
   2.6375000e+01
   2.6400000e+01
   2.6425000e+01
   2.6450000e+01
   2.6475000e+01
   2.6500000e+01
   2.6525000e+01
   2.6550000e+01
   2.6575000e+01
   2.6600000e+01
   2.6625000e+01
   2.6650000e+01
   2.6675000e+01
   2.6700000e+01
   2.6725000e+01
   2.6750000e+01
   2.6775000e+01
   2.6800000e+01
   2.6825000e+01
   2.6850000e+01
   2.6875000e+01
   2.6900000e+01
   2.6925000e+01
   2.6950000e+01
   2.6975000e+01
   2.7000000e+01
   2.7025000e+01
   2.7050000e+01
   2.7075000e+01
   2.7100000e+01
   2.7125000e+01
   2.7150000e+01
   2.7175000e+01
   2.7200000e+01
   2.7225000e+01
   2.7250000e+01
   2.7275000e+01
   2.7300000e+01
   2.7325000e+01
   2.7350000e+01
   2.7375000e+01
   2.7400000e+01
   2.7425000e+01
   2.7450000e+01
   2.7475000e+01
   2.7500000e+01
   2.7525000e+01
   2.7550000e+01
   2.7575000e+01
   2.7600000e+01
   2.7625000e+01
   2.7650000e+01
   2.7675000e+01
   2.7700000e+01
   2.7725000e+01
   2.7750000e+01
   2.7775000e+01
   2.7800000e+01
   2.7825000e+01
   2.7850000e+01
   2.7875000e+01
   2.7900000e+01
   2.7925000e+01
   2.7950000e+01
   2.7975000e+01
   2.8000000e+01
   2.8025000e+01
   2.8050000e+01
   2.8075000e+01
   2.8100000e+01
   2.8125000e+01
   2.8150000e+01
   2.8175000e+01
   2.8200000e+01
   2.8225000e+01
   2.8250000e+01
   2.8275000e+01
   2.8300000e+01
   2.8325000e+01
   2.8350000e+01
   2.8375000e+01
   2.8400000e+01
   2.8425000e+01
   2.8450000e+01
   2.8475000e+01
   2.8500000e+01
   2.8525000e+01
   2.8550000e+01
   2.8575000e+01
   2.8600000e+01
   2.8625000e+01
   2.8650000e+01
   2.8675000e+01
   2.8700000e+01
   2.8725000e+01
   2.8750000e+01
   2.8775000e+01
   2.8800000e+01
   2.8825000e+01
   2.8850000e+01
   2.8875000e+01
   2.8900000e+01
   2.8925000e+01
   2.8950000e+01
   2.8975000e+01
   2.9000000e+01
   2.9025000e+01
   2.9050000e+01
   2.9075000e+01
   2.9100000e+01
   2.9125000e+01
   2.9150000e+01
   2.9175000e+01
   2.9200000e+01
   2.9225000e+01
   2.9250000e+01
   2.9275000e+01
   2.9300000e+01
   2.9325000e+01
   2.9350000e+01
   2.9375000e+01
   2.9400000e+01
   2.9425000e+01
   2.9450000e+01
   2.9475000e+01
   2.9500000e+01
   2.9525000e+01
   2.9550000e+01
   2.9575000e+01
   2.9600000e+01
   2.9625000e+01
   2.9650000e+01
   2.9675000e+01
   2.9700000e+01
   2.9725000e+01
   2.9750000e+01
   2.9775000e+01
   2.9800000e+01
   2.9825000e+01
   2.9850000e+01
   2.9875000e+01
   2.9900000e+01
   2.9925000e+01
   2.9950000e+01
   2.9975000e+01
   3.0000000e+01
   3.0025000e+01
   3.0050000e+01
   3.0075000e+01
   3.0100000e+01
   3.0125000e+01
   3.0150000e+01
   3.0175000e+01
   3.0200000e+01
   3.0225000e+01
   3.0250000e+01
   3.0275000e+01
   3.0300000e+01
   3.0325000e+01
   3.0350000e+01
   3.0375000e+01
   3.0400000e+01
   3.0425000e+01
   3.0450000e+01
   3.0475000e+01
   3.0500000e+01
   3.0525000e+01
   3.0550000e+01
   3.0575000e+01
   3.0600000e+01
   3.0625000e+01
   3.0650000e+01
   3.0675000e+01
   3.0700000e+01
   3.0725000e+01
   3.0750000e+01
   3.0775000e+01
   3.0800000e+01
   3.0825000e+01
   3.0850000e+01
   3.0875000e+01
   3.0900000e+01
   3.0925000e+01
   3.0950000e+01
   3.0975000e+01
   3.1000000e+01
   3.1025000e+01
   3.1050000e+01
   3.1075000e+01
   3.1100000e+01
   3.1125000e+01
   3.1150000e+01
   3.1175000e+01
   3.1200000e+01
   3.1225000e+01
   3.1250000e+01
   3.1275000e+01
   3.1300000e+01
   3.1325000e+01
   3.1350000e+01
   3.1375000e+01
   3.1400000e+01
   3.1425000e+01
   3.1450000e+01
   3.1475000e+01
   3.1500000e+01
   3.1525000e+01
   3.1550000e+01
   3.1575000e+01
   3.1600000e+01
   3.1625000e+01
   3.1650000e+01
   3.1675000e+01
   3.1700000e+01
   3.1725000e+01
   3.1750000e+01
   3.1775000e+01
   3.1800000e+01
   3.1825000e+01
   3.1850000e+01
   3.1875000e+01
   3.1900000e+01
   3.1925000e+01
   3.1950000e+01
   3.1975000e+01
   3.2000000e+01
   3.2025000e+01
   3.2050000e+01
   3.2075000e+01
   3.2100000e+01
   3.2125000e+01
   3.2150000e+01
   3.2175000e+01
   3.2200000e+01
   3.2225000e+01
   3.2250000e+01
   3.2275000e+01
   3.2300000e+01
   3.2325000e+01
   3.2350000e+01
   3.2375000e+01
   3.2400000e+01
   3.2425000e+01
   3.2450000e+01
   3.2475000e+01
   3.2500000e+01
   3.2525000e+01
   3.2550000e+01
   3.2575000e+01
   3.2600000e+01
   3.2625000e+01
   3.2650000e+01
   3.2675000e+01
   3.2700000e+01
   3.2725000e+01
   3.2750000e+01
   3.2775000e+01
   3.2800000e+01
   3.2825000e+01
   3.2850000e+01
   3.2875000e+01
   3.2900000e+01
   3.2925000e+01
   3.2950000e+01
   3.2975000e+01
   3.3000000e+01
   3.3025000e+01
   3.3050000e+01
   3.3075000e+01
   3.3100000e+01
   3.3125000e+01
   3.3150000e+01
   3.3175000e+01
   3.3200000e+01
   3.3225000e+01
   3.3250000e+01
   3.3275000e+01
   3.3300000e+01
   3.3325000e+01
   3.3350000e+01
   3.3375000e+01
   3.3400000e+01
   3.3425000e+01
   3.3450000e+01
   3.3475000e+01
   3.3500000e+01
   3.3525000e+01
   3.3550000e+01
   3.3575000e+01
   3.3600000e+01
   3.3625000e+01
   3.3650000e+01
   3.3675000e+01
   3.3700000e+01
   3.3725000e+01
   3.3750000e+01
   3.3775000e+01
   3.3800000e+01
   3.3825000e+01
   3.3850000e+01
   3.3875000e+01
   3.3900000e+01
   3.3925000e+01
   3.3950000e+01
   3.3975000e+01
   3.4000000e+01
   3.4025000e+01
   3.4050000e+01
   3.4075000e+01
   3.4100000e+01
   3.4125000e+01
   3.4150000e+01
   3.4175000e+01
   3.4200000e+01
   3.4225000e+01
   3.4250000e+01
   3.4275000e+01
   3.4300000e+01
   3.4325000e+01
   3.4350000e+01
   3.4375000e+01
   3.4400000e+01
   3.4425000e+01
   3.4450000e+01
   3.4475000e+01
   3.4500000e+01
   3.4525000e+01
   3.4550000e+01
   3.4575000e+01
   3.4600000e+01
   3.4625000e+01
   3.4650000e+01
   3.4675000e+01
   3.4700000e+01
   3.4725000e+01
   3.4750000e+01
   3.4775000e+01
   3.4800000e+01
   3.4825000e+01
   3.4850000e+01
   3.4875000e+01
   3.4900000e+01
   3.4925000e+01
   3.4950000e+01
   3.4975000e+01
   3.5000000e+01
